24820009.24341127
917044.1721882934
5312822.6127953585
858314.4526448972
991929.6844648548
959783.4686804006
1036952.353162166
655812.5969718668
583126.3402321938
338251.2699589014
227002.86119106362
113446.2609083631
41493.63232729848
12696.89994129936
3359.1216591572183
919.9837359861081
272.7358698205462
89.28741882669662
32.09026626149114
12.605517426056727
5.391356517251639
2.4895207332140985
1.2290699938728302
0.6424930900833277
0.35256024593931484
0.2016350719321752
0.11946665047378523
0.07293905930011432
0.04566647314059815
0.02918456543098079
0.018950784878147435
0.012445035390662435
0.008232630328551089
0.005477252139139353
0.003675063151661475
0.0025019138576189157
0.00173417530275541
0.0012226252650265606
0.0008777036364811163
0.000644123134957431
0.0004822071449218396
0.0003636477796333722
0.0002721103382743587
0.00020032258241347567
0.00014490339078444424
0.0001031594308143873
7.23468413603059e-05
4.994752790010248e-05
3.3961356896179896e-05
2.291446813178415e-05
1.5663765871887193e-05
1.1187478481466301e-05
8.508079513510877e-06
6.78823447190009e-06
5.480964522941715e-06
4.354762694861125e-06
3.37366360525318e-06
2.560393977232698e-06
1.925363737458357e-06
1.453266700191644e-06
1.1133639527757347e-06
8.721239701381682e-07
