173163.78011858737
50777.992927104904
24241.06352942324
1340.8537463195128
748.1675928692836
646.9773292227588
326.774661806311
329.43796319160697
142.25847753844423
103.78608406837651
50.524246624474806
14.95818231537945
2.4634951015810085
0.5893278988645728
0.1744115407729021
0.05896941701680506
0.022303861336198796
0.009321762392059358
0.004257285025641858
0.002100998200431705
0.0011085153470845536
0.0006192035156156277
0.0003630804017711752
0.00022188838372162216
0.0001404943464365981
9.172214239344578e-05
6.149812563446052e-05
4.221007761057358e-05
2.9579428028957353e-05
2.1117885145132027e-05
1.5333774775707455e-05
1.130823420813672e-05
8.461160808860593e-06
6.417686521024363e-06
4.929936842754031e-06
3.8300749719574995e-06
3.0018852962062284e-06
2.3637741657017138e-06
1.8585999632026095e-06
1.448106994812016e-06
1.1099202186038818e-06
8.361787666645022e-07
6.272186274713279e-07
4.722532003620227e-07
3.508352161864767e-07
2.576338875965949e-07
1.918153948269858e-07
1.48530213703914e-07
1.1960276730586086e-07
9.75423358959423e-08
7.961454270227836e-08
6.482766055556723e-08
5.2450165516693545e-08
4.191345486304079e-08
3.279855483041846e-08
2.483080611895887e-08
1.7872007486081247e-08
1.1902882390698163e-08
7.00819094673959e-09
3.35418781080136e-09
1.1040748462721445e-09
1.7644948553755997e-10
