13.038683481675424
1595.6062222684923
614.2549315284342
369.48849852123976
0.21747681420015275
0.04420443514671379
0.02804249835344259
0.012548605040995298
0.008078297462572426
0.0006748705851961299
0.00044601034239138347
0.0003004153566673725
0.0002777873228318054
0.00012726907741915518
3.963432983837288e-05
1.3639794714048271e-05
4.935918418658022e-06
1.9162335720808508e-06
7.877502581394386e-07
3.6127812282963784e-07
1.881739164895366e-07
1.0757763336442222e-07
6.556290078149151e-08
4.198282735249476e-08
2.809046525678475e-08
1.9572637442355343e-08
1.4131381545041217e-08
1.0513781046535264e-08
8.018677697350809e-09
6.244127580677231e-09
4.9463757255284405e-09
3.972554620569898e-09
3.226442342915757e-09
2.6448269895051767e-09
2.184737850459649e-09
1.8154021086586981e-09
1.513420698414314e-09
1.2591117075562375e-09
1.036836752928842e-09
8.365377044064115e-10
6.539635164917111e-10
4.903677917493873e-10
3.498983354658889e-10
2.3640212920437685e-10
1.5103245314706933e-10
9.146217006175663e-11
5.282768516515153e-11
2.9363653097222885e-11
1.5864011716611945e-11
8.410705597394772e-12
4.41603338360763e-12
2.3202808279900285e-12
1.235250305170917e-12
6.773090565987739e-13
3.905229547045385e-13
2.4232726389678607e-13
1.6500710595812582e-13
1.2407222335000153e-13
1.0169012050760555e-13
8.869756511643914e-14
8.0377550830337e-14
7.429655163043848e-14
