10.502311109037999
0.021877066872175832
0.002402624110044796
0.0003081934658392609
5.576241231783929e-05
3.43210760671656e-05
1.7925625971126535e-05
1.7054203562617154e-05
8.809168084919921e-06
7.343599962672754e-06
4.7540563993957565e-06
2.4344024217920602e-06
8.511396315407748e-07
2.9315478415225067e-07
8.119563422980058e-08
1.9333318248270648e-08
1.1816883881070386e-08
1.9223562632016843e-08
2.7782165993538433e-08
3.3836235317748116e-08
3.709913386827104e-08
3.8164385154335085e-08
3.7713230342456124e-08
3.629890983853357e-08
3.4323625837922314e-08
3.206188100631793e-08
2.969239106898914e-08
2.7326951540635472e-08
2.503267691659417e-08
2.284721539409835e-08
2.0789353421548874e-08
1.886599442094453e-08
1.7076985452467864e-08
1.5418105759131762e-08
1.388357389686598e-08
1.2467640580993668e-08
1.1165835515298819e-08
9.97488004801596e-09
8.891632239168233e-09
7.912228530403033e-09
7.032104698908748e-09
6.246088620289744e-09
5.548080799621799e-09
4.930796109811164e-09
4.3862215548732434e-09
3.9063422669376665e-09
3.4834778931924688e-09
3.11042702655304e-09
2.780676228789893e-09
2.4885571579417895e-09
2.2292601597920428e-09
1.9987156921914206e-09
1.793441842344007e-09
1.6104369267375693e-09
1.4470998481939124e-09
1.3011654981252245e-09
1.1706550820206066e-09
1.0538353535053157e-09
9.49184375222704e-10
8.553629310802677e-10
7.711902586901958e-10
6.956232829832716e-10
