3.4211450070406768e-12
5.4763571891480904e-14
2.5922078580877794e-14
1.6330228490048243e-14
1.7504750870132307e-14
1.660229380482878e-14
1.4432819858441134e-14
1.3410645745861177e-14
1.2924740569535845e-14
1.2263224247633034e-14
1.1473165914093224e-14
1.0611319968951808e-14
9.724643711551747e-15
8.849716999869568e-15
8.009672406447315e-15
7.225217682674996e-15
6.517499115230747e-15
5.9474365001916404e-15
5.5101977721987446e-15
5.135458368987497e-15
4.81370461197779e-15
4.536482902621767e-15
4.2962739575915556e-15
4.086521860072731e-15
3.901773674252022e-15
3.7372014532422244e-15
3.5889674719570496e-15
3.4539800945397996e-15
3.329760116286618e-15
3.214422964777764e-15
3.106806034951725e-15
3.0057776586514475e-15
2.9108648860000445e-15
2.8212883579481417e-15
2.7362596282677057e-15
2.655324542331169e-15
2.5781374536701373e-15
2.504421606658046e-15
2.4339486193166432e-15
2.3665254103065753e-15
2.301985339974014e-15
2.2401811818682074e-15
2.18087309247171e-15
2.1239449495496033e-15
2.0693803742992123e-15
2.0170684557246056e-15
1.9669027652795648e-15
1.9187806398771514e-15
1.8726027932912003e-15
1.8282731580385765e-15
1.785698898036029e-15
1.7447905978591733e-15
1.7054628687104783e-15
1.66763721963272e-15
1.631261679047675e-15
1.596314063023231e-15
1.5627443622879935e-15
1.5304531948258255e-15
1.4993533490649608e-15
1.4693800416757378e-15
1.4404747399842917e-15
1.4125826613560942e-15
1.3856522234713372e-15
1.3596348195816382e-15
1.334484667116057e-15
1.3101586722355348e-15
1.2866162992702684e-15
1.2638194510073257e-15
1.241732369412262e-15
1.2203215721718928e-15
1.1995558600777782e-15
1.179406465206095e-15
1.1598474055822602e-15
1.1408557408383193e-15
1.1224105064676682e-15
1.1044902510420082e-15
1.0870722331238528e-15
1.0701340045948913e-15
1.0536546653085963e-15
1.0376149458338311e-15
1.0219969324358005e-15
1.0067838354696381e-15
9.919598351928923e-16
9.775099758762428e-16
9.634200867871081e-16
9.496767187409797e-16
9.362670905320384e-16
9.23179042322257e-16
9.103672349989945e-16
8.978192313742152e-16
8.855591407076459e-16
8.735769081833551e-16
8.618629719248274e-16
8.504083817044257e-16
8.39206910444283e-16
8.282788381701145e-16
8.176224025262043e-16
8.072072750168513e-16
7.970200004302947e-16
7.87053303696129e-16
7.773003940591902e-16
7.677547782877761e-16
7.584102176387386e-16
7.4926070780313e-16
7.403004651475226e-16
7.315239154437808e-16
7.229256839233107e-16
7.145005862103733e-16
7.062436199310882e-16
6.981499568849738e-16
6.902149357107037e-16
6.824340549963078e-16
6.748029668006838e-16
6.6731747056123e-16
6.599735073731284e-16
6.527671546391815e-16
6.456946211040042e-16
6.387522423155396e-16
6.319364766020603e-16
6.252439017415872e-16
6.186712126681535e-16
6.12215220911317e-16
6.058728572382835e-16
5.996411807869289e-16
5.9351740254503765e-16
5.874989431150729e-16
5.815835757499517e-16
5.757697535150997e-16
5.700569900374005e-16
5.644448696991763e-16
5.589307998575792e-16
5.535108942299946e-16
5.481817515429156e-16
5.429406114816338e-16
5.377850825154059e-16
5.327129755611859e-16
5.277222279463986e-16
5.228108684630468e-16
5.179769999950389e-16
5.132187899861125e-16
5.085344646583979e-16
5.039223051770644e-16
4.99380644939692e-16
4.949078676212859e-16
4.905024058609191e-16
4.86162740672786e-16
4.818874019120532e-16
4.776749705864301e-16
4.735240848317618e-16
4.694334539526218e-16
4.654018920888198e-16
4.614284046513709e-16
4.575124262009598e-16
4.536544283156866e-16
4.498564546304188e-16
4.461192577522731e-16
4.424284361870942e-16
4.3877873874542775e-16
4.3518115369946433e-16
4.3163423011656056e-16
4.2813677409107883e-16
4.2468771124635972e-16
4.21286034204323e-16
4.1793078027331755e-16
4.1462102085340366e-16
4.113558558434083e-16
4.0813441037759097e-16
4.0495583273210343e-16
4.018192928582145e-16
3.9872398127355373e-16
3.956691081686623e-16
3.9265390265010186e-16
3.896776120754162e-16
3.867395014522997e-16
3.83838852885905e-16
3.8097496506229743e-16
3.7814715276198713e-16
3.7535474639856446e-16
3.7259709157813366e-16
3.6987354867847747e-16
3.6718349244448115e-16
3.645263116008497e-16
3.6190140847842903e-16
3.593081986555628e-16
3.5674611061283146e-16
3.5421458540175986e-16
3.517130763265519e-16
3.49241048639829e-16
3.46797979253627e-16
3.443833564652601e-16
3.4199667970233684e-16
3.396374592895552e-16
3.373052162433117e-16
3.3499948210472627e-16
3.3271979882781555e-16
3.3046571875186305e-16
3.2823680471114893e-16
3.2603263038108407e-16
3.238527810552756e-16
3.2169685526206832e-16
3.1956446813394237e-16
3.174552587498182e-16
3.1536890734265083e-16
3.1330517939137363e-16
3.112640461625826e-16
3.092459678329538e-16
3.0725193215220026e-16
3.052818947018466e-16
3.0333443659815255e-16
3.014084157467258e-16
2.995031577944441e-16
2.976181957396377e-16
2.957531471946955e-16
2.939076689996462e-16
2.9208143943973106e-16
2.9027415054563845e-16
2.8848550442560484e-16
2.867152113665055e-16
2.8496298877952017e-16
2.83228560584261e-16
2.8151165683973216e-16
2.7981201353176413e-16
2.7812937247271454e-16
2.7646348130057597e-16
2.748140935813055e-16
2.731809690376384e-16
2.7156387394938436e-16
2.6996258180046416e-16
2.6837687429621893e-16
2.6680654295297446e-16
2.6525139158538063e-16
2.6371124021612863e-16
2.6218593121052567e-16
2.606753387298989e-16
2.59179382447568e-16
2.576980443641181e-16
2.5623137988605015e-16
2.5477949868111924e-16
2.533424851530713e-16
2.519202814843689e-16
2.5051263786975604e-16
2.4911918138613816e-16
2.4773951959954205e-16
2.463732985313928e-16
2.450202143325795e-16
2.436800053162107e-16
2.4235244075065735e-16
2.4103731174672447e-16
2.397344248756628e-16
2.384435979195172e-16
2.371646570732532e-16
2.358974350910049e-16
2.3464177003860313e-16
2.3339750443807763e-16
2.321644846667001e-16
2.3094256052576785e-16
2.2973158492287854e-16
2.285273056662202e-16
2.2732877955921195e-16
2.261407833461926e-16
2.24963180334519e-16
2.237958361314794e-16
2.226386186087853e-16
2.214913978161057e-16
2.2035404591426857e-16
2.1922643711747158e-16
2.181084476401652e-16
2.169999556487331e-16
2.1590084121637218e-16
2.1481098628149643e-16
2.137302746081522e-16
2.126585917486619e-16
2.1159582500813475e-16
2.1054186341032248e-16
2.0949659766453205e-16
2.0845992013428745e-16
2.0743172480637215e-16
2.0641190726140805e-16
2.0540036464504952e-16
2.0439699563976763e-16
2.034017004381394e-16
2.0241438071608525e-16
2.0143493960729207e-16
2.0046328167831647e-16
1.994993129040249e-16
1.9854294064417734e-16
1.9759407362039233e-16
1.9665262189360188e-16
1.957184968429903e-16
1.9479161114457422e-16
1.9387187875150312e-16
1.9295921487474994e-16
1.920535359650056e-16
1.911547596957313e-16
1.9026280494762464e-16
1.893775917949499e-16
1.8849904149437164e-16
1.8762707647692902e-16
1.867616203446453e-16
1.8590259787401079e-16
1.8504993502923073e-16
1.842035589913873e-16
1.8336339821267924e-16
1.8252938251309728e-16
1.8170144325170779e-16
1.808795136350316e-16
1.8006352929560933e-16
1.792534294377402e-16
1.7844915928214801e-16
1.7765067580294216e-16
1.7685796283677877e-16
1.760710757394812e-16
1.7529027098573545e-16
1.7451615778464537e-16
1.7374907383701164e-16
1.7298840723031273e-16
1.7223356897648787e-16
1.71484294082811e-16
1.7074044866842047e-16
1.700019435305335e-16
1.692687069637725e-16
1.6854067532259333e-16
1.6781778926961157e-16
1.6709999210319275e-16
1.6638722893872576e-16
1.6567944627830676e-16
1.649765917708132e-16
1.6427861407260458e-16
1.6358546276562987e-16
1.6289708830936495e-16
1.6221344201590177e-16
1.615344760411092e-16
1.6086014338854156e-16
1.6019039792597897e-16
1.5952519441328623e-16
1.5886448854418563e-16
1.5820823700310897e-16
1.5755639754124744e-16
1.5690892907613525e-16
1.5626579182016938e-16
1.5562694744705238e-16
1.5499235930444677e-16
1.5436199268502623e-16
1.5373581516845353e-16
1.531137970464623e-16
1.5249591183803672e-16
1.5188213688820087e-16
1.5127245401510072e-16
1.5066685011400506e-16
1.5006531753760433e-16
1.4946785395335925e-16
1.488744612689898e-16
1.4828514323016914e-16
1.4769990158373811e-16
1.4711873134360056e-16
1.4654161645160123e-16
1.459685273964131e-16
1.453994216882343e-16
1.448342468215412e-16
1.4427294440514076e-16
1.437154540721446e-16
1.4316171636222336e-16
1.4261167441891516e-16
1.4206527473070406e-16
1.4152246724839316e-16
1.409832051648589e-16
1.4044744454975e-16
1.3991514395212655e-16
1.3938626402648696e-16
1.3886076720584722e-16
1.3833861742676324e-16
1.3781977990334497e-16
1.3730422094346313e-16
1.367919078007079e-16
1.3628280855479864e-16
1.3577689201519138e-16
1.3527412764317e-16
1.34774485488461e-16
1.3427793613726868e-16
1.3378445066984143e-16
1.3329400062499474e-16
1.3280655797069542e-16
1.3232209507937259e-16
1.318405847068194e-16
1.3136199997423633e-16
1.308863143529736e-16
1.3041350165081083e-16
1.2994353600048993e-16
1.2947639184916754e-16
1.2901204394922547e-16
1.28550467350065e-16
1.2809163739055805e-16
1.2763552969220475e-16
1.2718212015303346e-16
1.2673138494179852e-16
1.2628330049252252e-16
1.258378434998021e-16
1.2539499091383826e-16
1.2495471993628822e-16
1.2451700801594678e-16
1.2408183284484712e-16
1.236491723546314e-16
1.2321900471260154e-16
1.2279130831869317e-16
1.2236606180173015e-16
1.2194324401652679e-16
1.215224104984451e-16
1.2110092769773296e-16
1.2068181746824868e-16
1.202650595417184e-16
1.1985063382202416e-16
1.194385204361434e-16
1.19028699720009e-16
1.1862115221511117e-16
1.18215858666208e-16
1.1781280001836594e-16
1.1741195741421422e-16
1.170133121911214e-16
1.1661684587877e-16
1.1622254019666976e-16
1.1583037705224453e-16
1.1544033853819787e-16
1.1505240693094284e-16
1.146665646882473e-16
1.1428279444740264e-16
1.1390107902309281e-16
1.1352140140555917e-16
1.1314374475885167e-16
1.1276809241868772e-16
1.1239442789088613e-16
1.1202273484951077e-16
1.1165299713525845e-16
1.1128519875375715e-16
1.109193238741113e-16
1.1055535682738935e-16
1.1019328210550816e-16
1.0983308435974056e-16
1.094747484000107e-16
1.0911825919385847e-16
1.0876360186620326e-16
1.0841076169902015e-16
1.0805972413188705e-16
1.0771047476303376e-16
1.0736299935156002e-16
1.0701728382095935e-16
1.0667331426492238e-16
1.0633107695634161e-16
1.0599055836164447e-16
1.0565174516283001e-16
1.0531462429391761e-16
1.049791830011491e-16
1.046454089467776e-16
1.0431329039862099e-16
1.0398281659549569e-16
1.0365397851265258e-16
1.033267706286815e-16
1.030011955501201e-16
1.0267727804908585e-16
1.0235511184651551e-16
1.0203495863600002e-16
1.0171711661954871e-16
1.0140145702417592e-16
1.0108762928114106e-16
1.0077546279295784e-16
1.0046489400284285e-16
1.0015589186992365e-16
9.984843628971323e-17
9.954251156946205e-17
9.923810408981414e-17
9.893520133712976e-17
9.863379145580271e-17
9.833386302229217e-17
9.803540492312834e-17
9.773840628527848e-17
9.744285643480769e-17
9.714874487159577e-17
9.685606125377032e-17
9.656479538777928e-17
9.627493722307913e-17
9.598647684894574e-17
9.569940449362676e-17
9.54137105253094e-17
9.512938545408833e-17
9.484641993536921e-17
9.456480477452694e-17
9.42845309328897e-17
9.400558953487028e-17
9.372797187654548e-17
9.345166943605541e-17
9.317667388569341e-17
9.290297710571482e-17
9.263057120078516e-17
9.235944851861083e-17
9.20896016713186e-17
9.182102355961004e-17
9.155370740019463e-17
9.128764675573326e-17
9.10228355678879e-17
9.075926819206069e-17
9.049693943351497e-17
9.023584458226546e-17
8.997597944457258e-17
8.971734036648833e-17
8.94599242444445e-17
8.920372851611224e-17
8.894875112280115e-17
8.869499043558147e-17
8.844244513735806e-17
8.819111405618339e-17
8.794099595161035e-17
8.769208926335478e-17
8.74443918419731e-17
8.719790068882727e-17
8.695261173852606e-17
8.670851971273714e-17
8.646561806641108e-17
8.622389903097439e-17
8.598335374417374e-17
8.574397244289085e-17
8.550574468935613e-17
8.526865960256914e-17
8.50327060717378e-17
8.479787293788856e-17
8.456414913673317e-17
8.43315238030849e-17
8.409998634072431e-17
8.386952646375228e-17
8.36401342159315e-17
8.341179997364241e-17
8.318451443827397e-17
8.295826862122919e-17
8.2733053825186e-17
8.250886162324237e-17
8.22856838379975e-17
8.206351252079772e-17
8.184233993249787e-17
8.162215852540042e-17
8.140296092683625e-17
8.118473992445327e-17
8.096748845280942e-17
8.075119958172528e-17
8.05358665056544e-17
8.032148253434059e-17
8.01080410847188e-17
7.989553567357234e-17
7.968395991093802e-17
7.947330749455636e-17
7.92635722048012e-17
7.905474790005138e-17
7.884682851279953e-17
7.86398080460638e-17
7.843368057015975e-17
7.822844021990936e-17
7.802408119199127e-17
7.782059774268366e-17
7.761798418586073e-17
7.741623489092548e-17
7.721534428122013e-17
7.701530683244579e-17
7.681611707124088e-17
7.661776957380304e-17
7.642025896479677e-17
7.62235799161902e-17
7.602772714617423e-17
7.583269541828224e-17
7.563847954054559e-17
7.544507436448355e-17
7.525247478456537e-17
7.506067573733802e-17
7.48696722007017e-17
7.46794591933739e-17
7.44900317743124e-17
7.430138504191427e-17
7.411351413366352e-17
7.392641422558287e-17
7.374008053163946e-17
7.355450830332263e-17
7.336969282921226e-17
7.318562943439078e-17
7.300231348024548e-17
7.281974036385285e-17
7.263790551764175e-17
7.245680440902869e-17
7.227643254002656e-17
7.209678544688702e-17
7.19178586997923e-17
7.173964790233636e-17
7.156214869140749e-17
7.138535673673478e-17
7.120926774059032e-17
7.103387743753032e-17
7.085918159393955e-17
7.068517600795367e-17
7.051185650901953e-17
7.033921895755897e-17
7.016725924487075e-17
6.9995973292673e-17
6.98253570529856e-17
6.96554065077145e-17
6.94861176684839e-17
6.931748657634219e-17
6.914950930163425e-17
6.898218194350641e-17
6.881550062989862e-17
6.864946151712497e-17
6.84840607898e-17
6.831929466047903e-17
6.81551593694908e-17
6.799165118471058e-17
6.78287664013316e-17
6.766650134160907e-17
6.750485235470067e-17
6.734381581646742e-17
6.718338812920471e-17
6.702356572149578e-17
6.686434504794317e-17
6.670572258909278e-17
6.654769485114258e-17
6.639025836580093e-17
6.623340969008424e-17
6.607714540614398e-17
6.592146212114797e-17
6.576635646701165e-17
6.561182510040051e-17
6.545786470239414e-17
6.530447197850451e-17
6.515164365845434e-17
6.499937649612181e-17
6.484640340705043e-17
6.469391381762105e-17
6.454197851564105e-17
6.439059433682703e-17
6.423975814704287e-17
6.408946683713193e-17
6.393971732247992e-17
6.37905065433946e-17
6.364183146549117e-17
6.349368907971241e-17
6.334607640270047e-17
6.319899047749157e-17
6.305242837449244e-17
6.290638719315673e-17
6.276086406419584e-17
6.26158561531064e-17
6.247136066524252e-17
6.23273748536414e-17
6.218389603078614e-17
6.20409215881545e-17
6.189844902807395e-17
6.175647602036831e-17
6.161500050689848e-17
6.147402091039121e-17
6.133353659037391e-17
6.11935489603467e-17
6.10540646666285e-17
6.091510632273531e-17
6.077674863830555e-17
6.063914641400563e-17
6.050238307270922e-17
6.036634288589061e-17
6.02308777663252e-17
6.009592854306625e-17
5.996147474046029e-17
5.982750693930134e-17
5.969401947891514e-17
5.956100823864449e-17
5.942846982594488e-17
5.929640123332929e-17
5.9164799676732e-17
5.90336625124139e-17
5.890298719142928e-17
5.877277123342407e-17
5.864301221057314e-17
5.85137077375816e-17
5.838485546539586e-17
5.825645307688403e-17
5.812849828403844e-17
5.800098882613197e-17
5.787392246861622e-17
5.774729700216551e-17
5.762111024235164e-17
5.749536002958755e-17
5.737004422899818e-17
5.724516073069101e-17
5.712070745012195e-17
5.699668232850954e-17
5.687308333352688e-17
5.674990845988522e-17
5.662715573019462e-17
5.650482319587765e-17
5.638290893825814e-17
5.626141106964354e-17
5.61403277346147e-17
5.601965711142606e-17
5.589939741353937e-17
5.577954689121367e-17
5.566010383332793e-17
5.554106656933498e-17
5.542243347121242e-17
5.5304202955602574e-17
5.5186373486191444e-17
5.506894357593468e-17
5.495191178954687e-17
5.483527674591592e-17
5.471903712044039e-17
5.4603191647456573e-17
5.448773912229261e-17
5.4372678403135106e-17
5.425800841254632e-17
5.414372813831536e-17
5.4029836633584785e-17
5.391633301627889e-17
5.380321646716088e-17
5.369048622651351e-17
5.357814158952899e-17
5.3466181899595346e-17
5.33546065399263e-17
5.3243414922858277e-17
5.313260647718298e-17
5.3022180633729854e-17
5.2912136808802506e-17
5.280247438656223e-17
5.2693192700580277e-17
5.258429101532455e-17
5.2475768508254416e-17
5.236762425372791e-17
5.2259857209049164e-17
5.215246620390177e-17
5.204544993343971e-17
5.193880695540658e-17
5.183253569133248e-17
5.172663443195855e-17
5.162110134579968e-17
5.151593449082947e-17
5.141113182828377e-17
5.1306691237803446e-17
5.120261053312869e-17
5.1098887477809347e-17
5.0995519800185565e-17
5.089250520727945e-17
5.078984139730221e-17
5.068752607052164e-17
5.0585556938640224e-17
5.0483931732453984e-17
5.038264820792321e-17
5.0281704150983534e-17
5.018109738109278e-17
5.0080825753639324e-17
4.99808871615045e-17
4.988127953577632e-17
4.978200084615338e-17
4.9683049100356665e-17
4.958442234367195e-17
4.9486118657964264e-17
4.938813616047984e-17
4.9290473002637804e-17
4.919312736866488e-17
4.9096097474204765e-17
4.899938156485901e-17
4.8902977914829327e-17
4.8806884825564585e-17
4.8711100624481034e-17
4.861562366357433e-17
4.852045231837217e-17
4.842558498669391e-17
4.833102008757269e-17
4.8236756060350715e-17
4.8142791363570943e-17
4.8049124474283935e-17
4.795575388700778e-17
4.7862678113138424e-17
4.776989568011604e-17
4.767740513080535e-17
4.758520502288023e-17
4.7493293928192105e-17
4.7401670432374334e-17
4.7310333134088405e-17
4.721928064480714e-17
4.7128511588259665e-17
4.703802460003948e-17
4.694781832723887e-17
4.685789142811962e-17
4.67682425717509e-17
4.667887043775218e-17
4.658977371591756e-17
4.650095110604288e-17
4.641240131767687e-17
4.6324123069794014e-17
4.6236115090691977e-17
4.614837611766532e-17
4.606090489696203e-17
4.5973700183453576e-17
4.5886760740483754e-17
4.5800085339893346e-17
4.571367276156174e-17
4.5627521793576037e-17
4.554163123178854e-17
4.545599987996725e-17
4.5370626549474387e-17
4.5285510059248513e-17
4.520064923570274e-17
4.51160429124548e-17
4.503168993049052e-17
4.4947589137870376e-17
4.486373938970819e-17
4.4780139548073423e-17
4.4696788481848e-17
4.4613685066799054e-17
4.4530828185319816e-17
4.444821672645923e-17
4.4365849585849506e-17
4.42837256655517e-17
4.420184387415427e-17
4.412020312647715e-17
4.4038802343717185e-17
4.3957640453278746e-17
4.38767163887599e-17
4.3796029089834885e-17
4.3715577502240186e-17
4.3635360577772946e-17
4.355537727412246e-17
4.3475626554896895e-17
4.339610738959096e-17
4.33168187534349e-17
4.3237759627467424e-17
4.315892899841835e-17
4.3080325858697293e-17
4.300194920628879e-17
4.292379804476778e-17
4.284587138329154e-17
4.2768168236444124e-17
4.2690687624305376e-17
4.261342857231438e-17
4.253639011136485e-17
4.2459571277563177e-17
4.23829711124037e-17
4.230658866261772e-17
4.223042298016209e-17
4.2154473122138623e-17
4.2078738150826755e-17
4.2003217133630653e-17
4.19279091430428e-17
4.185281325655833e-17
4.177792855668637e-17
4.170325413100856e-17
4.162878907192077e-17
4.155453247683997e-17
4.1480483448018163e-17
4.140664109257309e-17
4.133300452245796e-17
4.125957285442315e-17
4.1186345209940775e-17
4.111332071524385e-17
4.1040498501290276e-17
4.09678777037557e-17
4.0895457462850094e-17
4.082323692348661e-17
4.075121523515797e-17
4.067939155193341e-17
4.060776503241988e-17
4.0536334839698184e-17
4.0465100141433734e-17
4.039406010965436e-17
4.032321392090929e-17
4.025256075610129e-17
4.0182099800570347e-17
4.011183024402018e-17
4.0041751280410106e-17
3.9971862108168545e-17
3.9902161929896686e-17
3.983264995253645e-17
3.9763325387242035e-17
3.969418744945492e-17
3.9625235358779817e-17
3.9556468339047555e-17
3.948788561819387e-17
3.941948642838528e-17
3.9351270005891836e-17
3.928323559105181e-17
3.921538242838432e-17
3.914770976644081e-17
3.908021685780948e-17
3.901290295922699e-17
3.894576733136394e-17
3.887880923897226e-17
3.881202795081134e-17
3.87454227396488e-17
3.867899288223266e-17
3.861273765933913e-17
3.854665635566809e-17
3.8480748260019626e-17
3.8415012665166657e-17
3.834944886784249e-17
3.828405616887253e-17
3.8218833873077834e-17
3.815378128947632e-17
3.808889773105726e-17
3.802418251521655e-17
3.795963496344418e-17
3.789525440176923e-17
3.783104016066777e-17
3.776699157534865e-17
3.7703107985999395e-17
3.7639388738088354e-17
3.7575833182795244e-17
3.751244067770905e-17
3.7449210587445775e-17
3.738614228509397e-17
3.7323235153633914e-17
3.726048858859489e-17
3.7197902001518585e-17
3.7135474825805743e-17
3.707320652565306e-17
3.701109661113201e-17
3.694914466457986e-17
3.6887350389038985e-17
3.682571370491994e-17
3.676423495993285e-17
3.670291544247877e-17
3.6641758844932125e-17
3.658077627728019e-17
3.652000346269217e-17
3.645950871026305e-17
3.639933202127124e-17
3.633943074079412e-17
3.627973643083694e-17
3.622021556979935e-17
3.616085741797455e-17
3.610165762644378e-17
3.604261392651288e-17
3.598372487541189e-17
3.592498941069889e-17
3.58664066656431e-17
3.5807975883323077e-17
3.5749696372946506e-17
3.56915674861604e-17
3.5633588603269474e-17
3.5575759124934886e-17
3.551807846708197e-17
3.5460546057416325e-17
3.540316133322213e-17
3.5345923739821585e-17
3.528883272954014e-17
3.52318877608885e-17
3.517508829809634e-17
3.511843381072432e-17
3.506192377335374e-17
3.5005557665362656e-17
3.4949334970922947e-17
3.489325517877574e-17
3.483731778226289e-17
3.478152227924421e-17
3.4725868172126634e-17
3.467035496787283e-17
3.461498217803589e-17
3.4559749318762596e-17
3.4504655910963273e-17
3.444970148021017e-17
3.4394800304608976e-17
3.4339615656262085e-17
3.4284569579110446e-17
3.422966162157838e-17
3.417489132931683e-17
3.4120258255929824e-17
3.406576196046374e-17
3.401140200766257e-17
3.3957177968312796e-17
3.390308941935348e-17
3.3849135944014394e-17
3.3795317131934746e-17
3.3741632579163926e-17
3.368808188836023e-17
3.363466466899226e-17
3.3581380537304447e-17
3.35282291167462e-17
3.347521003789009e-17
3.342232293885832e-17
3.336956746536221e-17
3.331694327095082e-17
3.3264450017096745e-17
3.321208737351481e-17
3.31598550181945e-17
3.3107752637514715e-17
3.3055779926414805e-17
3.300393658845178e-17
3.295222233581905e-17
3.2900636889413923e-17
3.2849179978652733e-17
3.2797851341593644e-17
3.274665072460073e-17
3.2695577882279746e-17
3.264463257704432e-17
3.2593814578915787e-17
3.2543123664970926e-17
3.249255961886273e-17
3.244212223011298e-17
3.239181129350586e-17
3.2341626608157404e-17
3.229156797658178e-17
3.224163520376222e-17
3.2191828095872725e-17
3.214214645914824e-17
3.2092590098623924e-17
3.204315881668235e-17
3.199385241165506e-17
3.194467067649991e-17
3.189561339722577e-17
3.184668035148265e-17
3.179787130729522e-17
3.1749186021638995e-17
3.1700624239271244e-17
3.1652185691661065e-17
3.160387009600134e-17
3.1555677154533876e-17
3.150760655383989e-17
3.1459657964572936e-17
3.1411831041151354e-17
3.1364125421849535e-17
3.1316540729050455e-17
3.1269076569479016e-17
3.122173253498821e-17
3.117450820312466e-17
3.112740313814807e-17
3.10804168918605e-17
3.1033549004835215e-17
3.0986799007511196e-17
3.0940166421283117e-17
3.0893650759864964e-17
3.08472515304009e-17
3.080096823464234e-17
3.0754800370150804e-17
3.07087474313254e-17
3.0662808910514374e-17
3.0616984298894724e-17
3.057127308744219e-17
3.0525674767709986e-17
3.048018883256262e-17
3.043481477679286e-17
3.0389552097797566e-17
3.034440029599395e-17
3.0299358875246884e-17
3.0254427343362247e-17
3.020960521220956e-17
3.016489199809283e-17
3.012028722191826e-17
3.0075790409334137e-17
3.0031401090856346e-17
2.998711880192987e-17
2.994294308297398e-17
2.989887347940788e-17
2.985490954158046e-17
2.98110508248503e-17
2.9767296889446534e-17
2.972364730041203e-17
2.968010162759479e-17
2.9636659445475296e-17
2.9593320333133443e-17
2.9550083874157787e-17
2.950694965647037e-17
2.94639172723344e-17
2.942098631813587e-17
2.937815639437258e-17
2.933542710545933e-17
2.929279805967712e-17
2.925026886907205e-17
2.9207839149306585e-17
2.916550851961531e-17
2.912327660266455e-17
2.908114302442206e-17
2.903910741419303e-17
2.8997169404383566e-17
2.895532863047881e-17
2.891358473098221e-17
2.8871937347293425e-17
2.8830386123606065e-17
2.8788930706918376e-17
2.874757074689496e-17
2.8706305895786615e-17
2.866513580842265e-17
2.862406014209054e-17
2.8583078556480804e-17
2.854219071369777e-17
2.850139627810799e-17
2.8460694916295204e-17
2.842008629713778e-17
2.8379570091585403e-17
2.8339145972700177e-17
2.829881361562352e-17
2.8258572697473104e-17
2.821842289737824e-17
2.8178363896370486e-17
2.8138395377399875e-17
2.8098517025253775e-17
2.805872852651202e-17
2.801902956964719e-17
2.7979419844763674e-17
2.793989904377496e-17
2.790046686026547e-17
2.78611229894946e-17
2.7821867128346e-17
2.778269897533272e-17
2.774361823055797e-17
2.7704624595712673e-17
2.766571777399956e-17
2.762689747015664e-17
2.7588163390413336e-17
2.754951524250468e-17
2.751095273562292e-17
2.7472475580363634e-17
2.7434083488804257e-17
2.73957761743909e-17
2.7357553351960437e-17
2.7319414737726188e-17
2.7281360049287947e-17
2.724338900551067e-17
2.7205501326688092e-17
2.7167696734364766e-17
2.7129974951398555e-17
2.7092335701903703e-17
2.7054778711315635e-17
2.701730370632135e-17
2.6979910414806314e-17
2.6942598565965765e-17
2.690536789018069e-17
2.6868218119021704e-17
2.683114898531949e-17
2.6794160223021458e-17
2.6757251567348162e-17
2.6720422754633975e-17
2.6683673522363774e-17
2.6647003609237665e-17
2.6610412755018974e-17
2.6573900700690076e-17
2.653746718827314e-17
2.6501111960998287e-17
2.6464834763127498e-17
2.6428635340050993e-17
2.6392513438281995e-17
2.6356468805368085e-17
2.6320501189964118e-17
2.6284610341794326e-17
2.6248796011646345e-17
2.6213057951341765e-17
2.6177395913804854e-17
2.6141809652924965e-17
2.6106298923674105e-17
2.607086348205509e-17
2.6035503085084562e-17
2.600021749077556e-17
2.5965006458186373e-17
2.592986974735258e-17
2.5894807119319856e-17
2.5859818336131326e-17
2.5824903160753957e-17
2.5790061357251825e-17
2.5755292690544056e-17
2.572059692658251e-17
2.568597383229878e-17
2.565142317552732e-17
2.5616944725093135e-17
2.5582538250722054e-17
2.55482035231732e-17
2.5513940314049156e-17
2.547974839592983e-17
2.5445627542317178e-17
2.541157752763338e-17
2.5377598127217457e-17
2.5343689117308007e-17
2.5309850275073084e-17
2.527608137857882e-17
2.5242382206795782e-17
2.5208752539553813e-17
2.5175192157614547e-17
2.514170084261043e-17
2.5108278377055057e-17
2.5074924544346457e-17
2.5041639128724312e-17
2.500842191534219e-17
2.4975272690173474e-17
2.494219124010199e-17
2.4909177352824175e-17
2.487623081690606e-17
2.4843351421774143e-17
2.4810538957656594e-17
2.4777793215669622e-17
2.4745113987750992e-17
2.4712501066680535e-17
2.4679954246034727e-17
2.464747332026035e-17
2.461505808458342e-17
2.4582708335060254e-17
2.4550423868586588e-17
2.4518204482879005e-17
2.4486049976399138e-17
2.445396014845406e-17
2.4421934799168205e-17
2.4389973729407824e-17
2.4358076740909797e-17
2.4326243636136055e-17
2.429447421839228e-17
2.4262768291707704e-17
2.423112566093935e-17
2.4199546131694474e-17
2.4168029510389825e-17
2.4136575604187747e-17
2.4105184221013948e-17
2.4073855169586456e-17
2.4042588259375412e-17
2.401138330059038e-17
2.3980240104247232e-17
2.3949158482064426e-17
2.391813824654605e-17
2.3887179210922002e-17
2.38562811891946e-17
2.38254439961126e-17
2.37946674471313e-17
2.376395135848267e-17
2.373329554712851e-17
2.370269983071887e-17
2.3672164027703222e-17
2.364168795725015e-17
2.361127143920961e-17
2.3580914294197764e-17
2.3550616343585036e-17
2.3520377409357788e-17
2.349019731435179e-17
2.3460075882041188e-17
2.3430012936608263e-17
2.3400008303046178e-17
2.337006180693538e-17
2.3340173274693842e-17
2.331034253337072e-17
2.3280569410760638e-17
2.3250853735353832e-17
2.322119533638157e-17
2.3191594043783354e-17
2.316204968818525e-17
2.3132562100979967e-17
2.3103131114223075e-17
2.30737565607374e-17
2.304443827403655e-17
2.3015176088399026e-17
2.2985969838832882e-17
2.295681936104433e-17
2.2927724491544992e-17
2.2898685067581433e-17
2.2869700927201385e-17
2.2840771909235976e-17
2.2811897853288252e-17
2.2783078599839668e-17
2.2754313990268164e-17
2.2725603866792994e-17
2.2696948072647094e-17
2.2668346452091674e-17
2.26397988504141e-17
2.261130511417619e-17
2.2582865091270785e-17
2.2554478631084564e-17
2.2526145584747565e-17
2.2497865805455323e-17
2.246963914893234e-17
2.24414654739423e-17
2.2413344643251974e-17
2.2385276524783394e-17
2.235726099349215e-17
2.232929793425635e-17
2.2301387246292478e-17
2.2273528850562224e-17
2.224572270258537e-17
2.221796881564303e-17
2.21902673062062e-17
2.216261849075034e-17
2.213502311569605e-17
2.210748299095357e-17
2.2080003083238932e-17
2.205259887086798e-17
2.2025297995170147e-17
2.199811989317793e-17
2.1971050959968692e-17
2.1944066950119347e-17
2.191714642865912e-17
2.1890282520418224e-17
2.1863472684947333e-17
2.1836715734201606e-17
2.181001100019488e-17
2.17833580487977e-17
2.1756756563707395e-17
2.173020629339294e-17
2.1703707024472426e-17
2.1677258567326943e-17
2.1650860747849858e-17
2.1624513402496668e-17
2.1598216375267324e-17
2.1571969515575754e-17
2.1545772677017414e-17
2.1519625716433412e-17
2.1493528493236553e-17
2.1467480869016385e-17
2.1441482707131905e-17
2.1415533872519628e-17
2.1389634231559187e-17
2.1363783651820822e-17
2.133798200205601e-17
2.1312229152074814e-17
2.1286524972736693e-17
2.126086933582488e-17
2.1235262114051614e-17
2.120970318109364e-17
2.1184192411418988e-17
2.115872968044464e-17
2.1133314864372567e-17
2.1107947840307747e-17
2.1082628486190477e-17
2.1057356680774198e-17
2.103213230368591e-17
2.1006955235367342e-17
2.0981825357116724e-17
2.0956742551087576e-17
2.093170670029193e-17
2.0906717688582025e-17
2.0881775400708316e-17
2.0856879722273062e-17
2.0832030539762977e-17
2.0807227740588777e-17
2.078247121304004e-17
2.075776084630785e-17
2.0733096530565228e-17
2.0708478156871717e-17
2.0683905617257633e-17
2.0659378804710194e-17
2.0634897613193748e-17
2.0610461937673493e-17
2.0586071674114713e-17
2.056172671946559e-17
2.0537426971761307e-17
2.051317233002344e-17
2.04889626943813e-17
2.0464797965997913e-17
2.0440678047171057e-17
2.04166028412317e-17
2.0392572252690833e-17
2.036858618713236e-17
2.0344644551348336e-17
2.0320747253221174e-17
2.0296894201804725e-17
2.0273085307378943e-17
2.024932048137439e-17
2.0225599636413844e-17
2.0201922686349194e-17
2.017828954625379e-17
2.0154700132392094e-17
2.0131154362241884e-17
2.010765215457846e-17
2.0084193429318768e-17
2.0060778107649308e-17
2.003740611197622e-17
2.001407736590923e-17
1.999079179427512e-17
1.9967549323078702e-17
1.9944349879503247e-17
1.9921193391888752e-17
1.9898079789711664e-17
1.9875009003555926e-17
1.9851980965057474e-17
1.9828995606902266e-17
1.9806052862778087e-17
1.9783152667296105e-17
1.9760294955997276e-17
1.9737479665213378e-17
1.9714706732115403e-17
1.9691976094542963e-17
1.9669287690964462e-17
1.9646641460450907e-17
1.9624037342501137e-17
1.9601475277039565e-17
1.9578955204245594e-17
1.9556477064550503e-17
1.9534040798411687e-17
1.9511646346282265e-17
1.948929364853591e-17
1.9466982645254474e-17
1.9444713276199873e-17
1.942248548061379e-17
1.9400299197209694e-17
1.9378154363923483e-17
1.935605091787747e-17
1.9333988795276044e-17
1.931196793122283e-17
1.9289988259665746e-17
1.9268049713244448e-17
1.9246152223242272e-17
1.9224295719432913e-17
1.920248013005968e-17
1.918070538168218e-17
1.915897139912188e-17
1.9137278105429275e-17
1.9115625421819878e-17
1.909401326757595e-17
1.9072441560105264e-17
1.9050910214834018e-17
1.902941914523395e-17
1.900796826283844e-17
1.898655747715063e-17
1.8965186695834898e-17
1.8943855824587367e-17
1.892256476725322e-17
1.8901313425821932e-17
1.888010170060249e-17
1.8858929490105368e-17
1.8837796691256482e-17
1.8816703199431974e-17
1.8795648908553618e-17
1.8774633711104608e-17
1.8753657498301756e-17
1.873272016021022e-17
1.8711821585721195e-17
1.8690961662756608e-17
1.867014027832331e-17
1.8649357318630805e-17
1.8628612669169142e-17
1.8607906214805833e-17
1.8587237839880436e-17
1.8566607428341437e-17
1.8546014863733927e-17
1.852546002939247e-17
1.850494280847407e-17
1.848446308402782e-17
1.8464020739059197e-17
1.844361565666418e-17
1.8423247720037323e-17
1.840291681254367e-17
1.8382622817793218e-17
1.8362365619699915e-17
1.834214510246481e-17
1.832196115075166e-17
1.8301813649589602e-17
1.828170248449191e-17
1.8261627541479973e-17
1.824158870712987e-17
1.8221585868517723e-17
1.8201618913352404e-17
1.8181687729940817e-17
1.816179220716658e-17
1.814193223464323e-17
1.8122107702556815e-17
1.8102318501800184e-17
1.8082564523927127e-17
1.8062845661190535e-17
1.8043161806505917e-17
1.8023512853491512e-17
1.8003898696449167e-17
1.798431923039632e-17
1.7964774351022684e-17
1.7945263954732054e-17
1.7925787938581472e-17
1.7906346200366495e-17
1.7886938638493663e-17
1.7867565152106566e-17
1.7848225640993735e-17
1.7828920005604338e-17
1.7809648147050183e-17
1.7790409967094154e-17
1.7771084417336115e-17
1.7751729345888695e-17
1.7732407973168285e-17
1.771312020279279e-17
1.7693865938472287e-17
1.7674645084845307e-17
1.7655457547096655e-17
1.763630323106814e-17
1.7617182043191313e-17
1.7598093890577257e-17
1.7579038680966127e-17
1.7560016322672584e-17
1.7541026724617893e-17
1.7522069796237474e-17
1.750314544753547e-17
1.7484253589013686e-17
1.7465394131621703e-17
1.744656698686e-17
1.7427772066699373e-17
1.7409009283532344e-17
1.7390278550275737e-17
1.7371579780280355e-17
1.7352912887338615e-17
1.733427778572539e-17
1.7315674390131997e-17
1.729710261570231e-17
1.7278562378004125e-17
1.726005359304323e-17
1.7241576177237624e-17
1.7223130047410223e-17
1.7204715120805783e-17
1.7186331315060573e-17
1.7167978548221273e-17
1.714965673868785e-17
1.713136580529118e-17
1.7113105667229466e-17
1.709487624404947e-17
1.707667745568128e-17
1.70585092223974e-17
1.7040371464894924e-17
1.7022264104145825e-17
1.700418706149227e-17
1.698614025866365e-17
1.696812361766811e-17
1.6950137060893834e-17
1.693218051102761e-17
1.6914253891111366e-17
1.6896357124474753e-17
1.6878490134803698e-17
1.6860652846098092e-17
1.6842845182621782e-17
1.6825067069006388e-17
1.6807318430154353e-17
1.6789599191271582e-17
1.6771909277855604e-17
1.6754248615734635e-17
1.673661713097353e-17
1.671901474998306e-17
1.670144139939159e-17
1.6683897006179977e-17
1.666638149758665e-17
1.664889480107934e-17
1.6631436844477593e-17
1.6614007555808528e-17
1.6596606863397922e-17
1.6579234695824983e-17
1.6561890981965954e-17
1.654457565091502e-17
1.6527288632046074e-17
1.6510029855006457e-17
1.649279924963622e-17
1.647559674611174e-17
1.645842227481756e-17
1.6441275766379344e-17
1.642415715167675e-17
1.6407066361847484e-17
1.639000332825908e-17
1.6372967982511503e-17
1.635596025647335e-17
1.633898008221949e-17
1.6322027392082208e-17
1.6305102118602418e-17
1.6288204194583383e-17
1.6271333553028286e-17
1.6254490127198322e-17
1.6237673850561184e-17
1.622088465682072e-17
1.6204122479897945e-17
1.6187387253933724e-17
1.6170678913301406e-17
1.61539973925966e-17
1.613734262660364e-17
1.612071455037324e-17
1.6104113099131795e-17
1.6087538208325516e-17
1.6070989813607288e-17
1.6054467850900143e-17
1.6037972256236005e-17
1.602150296594616e-17
1.600505991653333e-17
1.598864304469389e-17
1.5972252287356983e-17
1.595588758163678e-17
1.5939548864857656e-17
1.5923236074563838e-17
1.5906949148441367e-17
1.5890688024470818e-17
1.5874452640741866e-17
1.5858242935588065e-17
1.5842058847543484e-17
1.582590031531089e-17
1.580976727781151e-17
1.5793659674137704e-17
1.5777577443616305e-17
1.5761520525708956e-17
1.574548886011402e-17
1.5729482386692993e-17
1.5713501045528845e-17
1.569754477683235e-17
1.5681613521073378e-17
1.5665707218874135e-17
1.5649825811012477e-17
1.563396923853034e-17
1.5618137442570425e-17
1.5602330364507775e-17
1.5586547945872402e-17
1.557079012839046e-17
1.5555056853999996e-17
1.5539348064741808e-17
1.5523663702901877e-17
1.5508003710922222e-17
1.549236803141474e-17
1.547675660719101e-17
1.546116938121559e-17
1.544560629662588e-17
1.5430067296761826e-17
1.5414552325109156e-17
1.5399061325343637e-17
1.5383594241309548e-17
1.5368151017028116e-17
1.5352731596658383e-17
1.5337335924583354e-17
1.53219639453097e-17
1.530661560353605e-17
1.529129084413742e-17
1.5275989612131613e-17
1.5260711852725602e-17
1.5245457511264258e-17
1.523022653330244e-17
1.5215018864517422e-17
1.5199834450774843e-17
1.5184673238098668e-17
1.5169535172674413e-17
1.5154420200864684e-17
1.5139328269155082e-17
1.5124259324231605e-17
1.5109213312940068e-17
1.509419018225898e-17
1.5079189879348496e-17
1.506421235152243e-17
1.504925754625637e-17
1.5034325411167722e-17
1.5019415894060366e-17
1.500452894286631e-17
1.498966450570714e-17
1.497482253082096e-17
1.496000296661765e-17
1.4945205761662866e-17
1.493043086471299e-17
1.4915678224607648e-17
1.4900947790397983e-17
1.4886239511235763e-17
1.487155333649846e-17
1.4856889215631345e-17
1.484224709829205e-17
1.482762693426336e-17
1.4813028673487925e-17
1.4798452266054423e-17
1.478389766219764e-17
1.476936481229497e-17
1.4754853666895063e-17
1.4740364176673502e-17
1.4725896292463042e-17
1.4711449965239902e-17
1.4697025146142384e-17
1.468262178640886e-17
1.4668239837477732e-17
1.4653879250908216e-17
1.4639539978400688e-17
1.462522197181483e-17
1.4610925183128335e-17
1.4596649564486755e-17
1.4582395068184984e-17
1.4568161646626913e-17
1.4553949252372784e-17
1.453975783817624e-17
1.4525587356826976e-17
1.4511437761353902e-17
1.449730900486947e-17
1.4483201040657775e-17
1.4469113822131315e-17
1.4455047302837168e-17
1.4441001436464277e-17
1.442697617681621e-17
1.441297147792959e-17
1.4398987293847563e-17
1.4385023578842052e-17
1.4371080287290134e-17
1.4357157373704704e-17
1.434325479274536e-17
1.43293724992086e-17
1.4315510448030382e-17
1.430166859424421e-17
1.4287846893086263e-17
1.4274045299871318e-17
1.426026377008287e-17
1.4246502259317972e-17
1.4232760723311554e-17
1.4219039117960832e-17
1.4205337399252564e-17
1.4191655523335924e-17
1.4177993446496904e-17
1.4164351125138465e-17
1.415072851579553e-17
1.413712557516491e-17
1.4123542260037636e-17
1.410997852735276e-17
1.4096434334201185e-17
1.4082909637790132e-17
1.4069404395451486e-17
1.4055918564664513e-17
1.4042452103028763e-17
1.4029004968297822e-17
1.4015577118323535e-17
1.4002168511122515e-17
1.3988779104832305e-17
1.3975408857716345e-17
1.3962057728184638e-17
1.394872567477749e-17
1.393541265615868e-17
1.3922118631146315e-17
1.3908843558679585e-17
1.389558739783775e-17
1.38823501078459e-17
1.3869131648043255e-17
1.3855931977926435e-17
1.3842751057139986e-17
1.3829588845450642e-17
1.3816445302797708e-17
1.3803320389234066e-17
1.3790214064994718e-17
1.377712629042303e-17
1.3764057026069052e-17
1.375100623263215e-17
1.373797387095082e-17
1.3724959902065204e-17
1.371196428718415e-17
1.3698986987685126e-17
1.3686027965198137e-17
1.3673087181533944e-17
1.3660164598713413e-17
1.364726017908096e-17
1.3634373885178644e-17
1.3621505679905807e-17
1.3608655526487581e-17
1.3595823388550706e-17
1.3583009230229494e-17
1.3570213016126792e-17
1.3557434711573026e-17
1.3544674282697305e-17
1.3531931696588816e-17
1.351920692169409e-17
1.3506499928053318e-17
1.3493810687952278e-17
1.3481139176669222e-17
1.3468485373630218e-17
1.3455849264290654e-17
1.344323084294257e-17
1.3430630117522415e-17
1.3418047117822175e-17
1.3405481910620266e-17
1.3392934629342803e-17
1.3380405537518759e-17
1.3367895181223189e-17
1.3355404811468622e-17
1.3342937776935527e-17
1.3330503787272571e-17
1.3318112959680761e-17
1.330576501194574e-17
1.3293458882891971e-17
1.3281185764397458e-17
1.326893581395728e-17
1.325670591190129e-17
1.3244494855732292e-17
1.3232302077785515e-17
1.3220127266327172e-17
1.3207970228458682e-17
1.3195830832677059e-17
1.3183708981754779e-17
1.3171604598841423e-17
1.315951761991891e-17
1.3147447989239818e-17
1.3135395656806597e-17
1.3123360576496913e-17
1.3111342705124514e-17
1.3099342001555315e-17
1.3087358426266767e-17
1.3075391940955029e-17
1.3063442508299278e-17
1.3051510091774514e-17
1.3039594655468578e-17
1.302769616402209e-17
1.3015814582547986e-17
1.3003949876505616e-17
1.2992102011744459e-17
1.2980270954403403e-17
1.2968456670904246e-17
1.2956659127915378e-17
1.2944878292337559e-17
1.2933114131310254e-17
1.2921366612166936e-17
1.2909635702427149e-17
1.289792136980486e-17
1.2886223582202628e-17
1.2874542307703081e-17
1.2862877514537454e-17
1.2851229171122262e-17
1.2839597246040967e-17
1.2827981708014236e-17
1.2816382525931288e-17
1.2804799668870714e-17
1.279323310604171e-17
1.278168280680738e-17
1.2770148740663118e-17
1.2758630877313799e-17
1.2747129186569299e-17
1.2735643638430214e-17
1.2724174203033804e-17
1.2712720850666097e-17
1.2701283551781001e-17
1.2689862276956205e-17
1.2678456996987795e-17
1.2667067682758881e-17
1.2655694305350484e-17
1.2644336835992146e-17
1.2632995246064242e-17
1.2621669507109815e-17
1.2610359590829968e-17
1.2599065469101915e-17
1.2587787113939643e-17
1.2576524497528444e-17
1.2565277592216774e-17
1.2554046370530044e-17
1.2542830805139558e-17
1.2531630868894904e-17
1.2520446534811492e-17
1.2509277776064328e-17
1.249812456600482e-17
1.2486986878156384e-17
1.2475864686206977e-17
1.2464757964035074e-17
1.2453666685668499e-17
1.2442590825301138e-17
1.2431530357349628e-17
1.2420485256365597e-17
1.2409455497094024e-17
1.239844105444998e-17
1.2387441903534311e-17
1.2376458019633763e-17
1.236548937819446e-17
1.235453595485804e-17
1.2343597725457026e-17
1.2332674665991435e-17
1.2321766752652622e-17
1.231087396180997e-17
1.2299996270020113e-17
1.2289133654014003e-17
1.2278286090754076e-17
1.2267453557295902e-17
1.2256636030989184e-17
1.2245833489283592e-17
1.2235045909845271e-17
1.2224273270526688e-17
1.221351554936168e-17
1.2202772724553286e-17
1.219204477451726e-17
1.2181331677807338e-17
1.217063341320211e-17
1.215994995962286e-17
1.2149281296195326e-17
1.2138627402180754e-17
1.2127988257069578e-17
1.2117363840480117e-17
1.2106754132193034e-17
1.209615911219959e-17
1.2085578760609396e-17
1.207501305771918e-17
1.2064461983964314e-17
1.2053925519955806e-17
1.2043403646417916e-17
1.2032896344249788e-17
1.2022403594473856e-17
1.2011925378255179e-17
1.2001461676870984e-17
1.1991012471759168e-17
1.1980577744446469e-17
1.1970157476556411e-17
1.1959751649871144e-17
1.1949360246225526e-17
1.1938983247561317e-17
1.1928620635908768e-17
1.1918272393360892e-17
1.1907938502112876e-17
1.1897618944379735e-17
1.1887313702459501e-17
1.1877022758672894e-17
1.1866746095403232e-17
1.1856483695018815e-17
1.1846235539953567e-17
1.183600161259025e-17
1.1825781895357171e-17
1.1815576370666221e-17
1.1805385020883687e-17
1.1795207828347934e-17
1.1785044775362632e-17
1.1774895844178411e-17
1.1764761016966245e-17
1.1754640275835721e-17
1.1744533602832043e-17
1.1734440979856859e-17
1.1724362388755862e-17
1.1714297811215415e-17
1.1704247228834033e-17
1.1694210623056019e-17
1.1684187975196395e-17
1.16741792663924e-17
1.1664184477657803e-17
1.1654203589793729e-17
1.1644236583462208e-17
1.1634283439104899e-17
1.1624344136985306e-17
1.1614418657171248e-17
1.1604506979534612e-17
1.159460908370017e-17
1.1584724949117467e-17
1.1574854554969079e-17
1.1564997880251521e-17
1.1555154903712595e-17
1.1545325603849181e-17
1.153550995896068e-17
1.1525707947093e-17
1.1515919546028543e-17
1.1506144733368926e-17
1.1496383486391867e-17
1.148663578223365e-17
1.1476901597693948e-17
1.1467180909423446e-17
1.1457473693791916e-17
1.1447779926939693e-17
1.14380995847876e-17
1.1428432643054145e-17
1.1418779077187202e-17
1.1409138862477447e-17
1.139951197395622e-17
1.1389898386485912e-17
1.1380298074730732e-17
1.1370711013156986e-17
1.1361137176018186e-17
1.1351576537427833e-17
1.1342029071332897e-17
1.1332494751485962e-17
1.132297355150594e-17
1.1313465444870619e-17
1.1303970404896766e-17
1.1294488404797787e-17
1.128501941764192e-17
1.1275563416386105e-17
1.1266120373904361e-17
1.1256690262943778e-17
1.1247273056172803e-17
1.1237868726195495e-17
1.1228477245510971e-17
1.1219098586590033e-17
1.1209732721811258e-17
1.1200379623521904e-17
1.1191039264040121e-17
1.1181711615625156e-17
1.1172396650539467e-17
1.1163094340982612e-17
1.115380465918873e-17
1.1144527577361351e-17
1.1135263067713995e-17
1.1126011102448353e-17
1.1116771653820199e-17
1.1107544694066745e-17
1.1098330195467295e-17
1.1089128130327492e-17
1.1079938470993217e-17
1.1070761189841349e-17
1.1061596259315432e-17
1.1052443651896239e-17
1.1043303340106004e-17
1.1034175296539708e-17
1.1025059493881885e-17
1.101595590482886e-17
1.1006864502177274e-17
1.0997785258802987e-17
1.0988718147647909e-17
1.0979663141736045e-17
1.097062021414984e-17
1.096158933810572e-17
1.095257048684346e-17
1.0943563633763216e-17
1.0934568752297194e-17
1.0925585815974225e-17
1.0916614798452855e-17
1.0907655673460016e-17
1.0898708414821399e-17
1.0889772996462367e-17
1.0880849392402896e-17
1.0871937576784492e-17
1.0863037523814585e-17
1.0854149207819351e-17
1.0845272603238357e-17
1.0836407684580886e-17
1.08275544264909e-17
1.0818712803697094e-17
1.0809882791025832e-17
1.0801064363439355e-17
1.0792257495959093e-17
1.0783462163737572e-17
1.0774678342022613e-17
1.076590600615212e-17
1.0757145131599786e-17
1.0748395693906237e-17
1.0739657668714075e-17
1.0730931031813804e-17
1.0722215759054055e-17
1.0713511826359578e-17
1.0704819209836223e-17
1.0696137885612899e-17
1.0687467829971308e-17
1.067880901924369e-17
1.067016142988489e-17
1.0661525038467334e-17
1.0652899821621798e-17
1.0644285756096823e-17
1.0635682818723713e-17
1.0627090986432843e-17
1.0618510236262908e-17
1.0609940545320596e-17
1.0601381890832353e-17
1.0592834250087981e-17
1.0584297600481946e-17
1.0575771919501014e-17
1.0567257184719451e-17
1.0558753373785671e-17
1.055026046445638e-17
1.0541778434568338e-17
1.0533307262044616e-17
1.0524846924872123e-17
1.0516397401160752e-17
1.0507958669080782e-17
1.0499530706890685e-17
1.0491113492921828e-17
1.0482707005607108e-17
1.0474311223435629e-17
1.0465926124986492e-17
1.0457551688939295e-17
1.0449187894009098e-17
1.0440834719033198e-17
1.0432492142882313e-17
1.0424160144554514e-17
1.0415838703065444e-17
1.0407527797551506e-17
1.0399227407200866e-17
1.0390937511284435e-17
1.0382658089153607e-17
1.037438912020489e-17
1.0366130583920939e-17
1.0357882459864059e-17
1.0349644727651768e-17
1.034141736698865e-17
1.0333200357625446e-17
1.0324993679407281e-17
1.0316797312220038e-17
1.0308611236037164e-17
1.0300435430889639e-17
1.0292269876873523e-17
1.0284114554152066e-17
1.0275969442968642e-17
1.0267834523588236e-17
1.0259709776382343e-17
1.0251595181774838e-17
1.024349072024389e-17
1.0235396372324939e-17
1.0227312118624026e-17
1.0219237939816156e-17
1.0211173816619207e-17
1.0203119729839801e-17
1.0195075660297748e-17
1.0187041588905375e-17
1.0179017496644259e-17
1.017100336450456e-17
1.0162999173591586e-17
1.015500490503411e-17
1.014702054001616e-17
1.0139046059806225e-17
1.0131081445710604e-17
1.0123126679054437e-17
1.0115181741297854e-17
1.0107246613881949e-17
1.0099321278355487e-17
1.0091405716275358e-17
1.0083499909292421e-17
1.0075603839080327e-17
1.0067717487376414e-17
1.0059840835983422e-17
1.0051973866731113e-17
1.0044116561521089e-17
1.0036268902298516e-17
1.0028430871063355e-17
1.0020602449847672e-17
1.0012783620772296e-17
1.0004974365966075e-17
9.997174667632317e-18
9.989384508027537e-18
9.9816038694234e-18
9.973832734174779e-18
9.966071084695766e-18
9.958318903401446e-18
9.950576172786814e-18
9.942842875400648e-18
9.935118993807672e-18
9.927404510645279e-18
9.919699408589793e-18
9.91200367037241e-18
9.904317278752305e-18
9.896640216550365e-18
9.888972466616732e-18
9.881314011877822e-18
9.873664835270343e-18
9.86602491979323e-18
9.858394248496426e-18
9.85077280445431e-18
9.843160570786446e-18
9.835557530692725e-18
9.827963667381701e-18
9.820378964096316e-18
9.812803404155372e-18
9.805236970912392e-18
9.797679647745062e-18
9.790131418080318e-18
9.78259226541265e-18
9.775062173242315e-18
9.767541125134722e-18
9.760029104682483e-18
9.752526095540008e-18
9.74503208136682e-18
9.737547045913648e-18
9.73007097293656e-18
9.722603846231637e-18
9.715145649670147e-18
9.707696367111571e-18
9.700255982498083e-18
9.692824479789754e-18
9.685401842998158e-18
9.67798805616929e-18
9.67058310339312e-18
9.663186968789419e-18
9.655799636518285e-18
9.648421090792484e-18
9.641051315849831e-18
9.633690295978975e-18
9.626338015491372e-18
9.618994458747885e-18
9.61165961014206e-18
9.604333454107694e-18
9.597015975120103e-18
9.589707157684627e-18
9.58240698636101e-18
9.575115445718078e-18
9.56783252038562e-18
9.560558195018878e-18
9.553292454319878e-18
9.54603528301518e-18
9.53878666587457e-18
9.531546587710848e-18
9.524315033356613e-18
9.51709198770118e-18
9.509877435659776e-18
9.502671362175878e-18
9.495473752231854e-18
9.488284590851965e-18
9.481103863107672e-18
9.473931554090273e-18
9.466767648907022e-18
9.459612132742864e-18
9.452464990799607e-18
9.44532620830558e-18
9.438195770519454e-18
9.43107366276072e-18
9.423959870355523e-18
9.416854378693032e-18
9.40975717316863e-18
9.40266823921471e-18
9.395587562335849e-18
9.388515128010568e-18
9.381450921809934e-18
9.374394929279995e-18
9.367347136063296e-18
9.36030752779294e-18
9.353276090146616e-18
9.346252808833601e-18
9.339237669603071e-18
9.33223065823425e-18
9.325231760534894e-18
9.318240962349356e-18
9.31125824956523e-18
9.304283608078759e-18
9.297317023837378e-18
9.290358482804793e-18
9.283407971014881e-18
9.276465474491564e-18
9.269530979302385e-18
9.262604471565377e-18
9.25568593740592e-18
9.248775362990125e-18
9.24187273452851e-18
9.23497803825496e-18
9.228091260416145e-18
9.22121238732228e-18
9.2143414052899e-18
9.207478300693068e-18
9.200623059907228e-18
9.193775669362623e-18
9.186936115494185e-18
9.18010438480373e-18
9.17328046378509e-18
9.166464339008834e-18
9.159655997028565e-18
9.152855424470706e-18
9.146062607945599e-18
9.139277534144824e-18
9.13250018975594e-18
9.125730561507177e-18
9.118968636157407e-18
9.112214400495905e-18
9.105467841325031e-18
9.098728945531061e-18
9.091997699960861e-18
9.08527409153261e-18
9.078558107195504e-18
9.071849733889876e-18
9.065148958644588e-18
9.05845576846384e-18
9.05177015041888e-18
9.045092091588889e-18
9.038421579084468e-18
9.031758600066261e-18
9.025103141702462e-18
9.018455191178649e-18
9.011814735749237e-18
9.00518176266557e-18
8.99855625921489e-18
8.991938212723858e-18
8.985327610535014e-18
8.978724440022413e-18
8.972128688593532e-18
8.965540343686244e-18
8.958959392757024e-18
8.95238582329047e-18
8.94581962282317e-18
8.939260778874141e-18
8.932709279036616e-18
8.926165110913461e-18
8.919628262143215e-18
8.913098720359666e-18
8.906576473278062e-18
8.900061508594296e-18
8.893553814052688e-18
8.887053377439712e-18
8.880560186526229e-18
8.874074229159574e-18
8.867595493190211e-18
8.861123966499994e-18
8.854624286460222e-18
8.848104406545849e-18
8.841591784696093e-18
8.835086409015415e-18
8.828588267100838e-18
8.822097346829016e-18
8.815613636079038e-18
8.809137122730024e-18
8.802667794725073e-18
8.796205640027991e-18
8.789750646709864e-18
8.78330280283785e-18
8.776862096560995e-18
8.770428516046247e-18
8.764002049481491e-18
8.757582685136062e-18
8.751170411232852e-18
8.744765216079186e-18
8.738367087975357e-18
8.731976015244904e-18
8.725591986235841e-18
8.719214989332958e-18
8.712845012919164e-18
8.706482045422183e-18
8.700126075262834e-18
8.69377709093411e-18
8.687435080906455e-18
8.681100033709249e-18
8.674771937901508e-18
8.668450782017233e-18
8.662136554682911e-18
8.655829244496114e-18
8.649528840118603e-18
8.643235330216275e-18
8.636948703493716e-18
8.630668948667156e-18
8.624396054499518e-18
8.618130009754058e-18
8.61187080324278e-18
8.605618423790674e-18
8.599372860252113e-18
8.593134101515514e-18
8.586902136458881e-18
8.580676954041313e-18
8.57445854321301e-18
8.568246892953272e-18
8.562041992267033e-18
8.555843830187773e-18
8.549652395773365e-18
8.543467678119947e-18
8.537289666319205e-18
8.531118349524935e-18
8.524953716883703e-18
8.518795757581369e-18
8.512644460830678e-18
8.506499815867433e-18
8.500361811959714e-18
8.494230438384853e-18
8.488105684468323e-18
8.481987539520564e-18
8.47587599293599e-18
8.469771034079253e-18
8.46367265238422e-18
8.45758083725993e-18
8.451495578197363e-18
8.445416864672429e-18
8.439344686204985e-18
8.433279032342957e-18
8.427219892632826e-18
8.421167256678816e-18
8.415121114092247e-18
8.40908145451258e-18
8.40304826762107e-18
8.397021543094604e-18
8.39100127066912e-18
8.38498744007572e-18
8.378980041088828e-18
8.372979063522853e-18
8.36698449718626e-18
8.360996331927178e-18
8.355014557638996e-18
8.349039164223472e-18
8.343070141608473e-18
8.337107479752392e-18
8.331151168660025e-18
8.325201198334228e-18
8.31925755882761e-18
8.313320240216331e-18
8.307389232608026e-18
8.301464526141282e-18
8.295546110977548e-18
8.289633977331772e-18
8.28372811543749e-18
8.277828515562357e-18
8.271935168000539e-18
8.266048063133817e-18
8.26016719131584e-18
8.254292542979375e-18
8.248424108614017e-18
8.242561878722914e-18
8.236705843883293e-18
8.230855994722875e-18
8.225012321926584e-18
8.2191748162755e-18
8.213343468572884e-18
8.20751826974789e-18
8.20169921080129e-18
8.195886282868149e-18
8.190079477178839e-18
8.184278785129003e-18
8.178484198288552e-18
8.172695708429463e-18
8.166913307563593e-18
8.161136988034576e-18
8.15536674254695e-18
8.14960256429626e-18
8.143844447085104e-18
8.138092385507247e-18
8.13234637521672e-18
8.126606413261015e-18
8.120872498663412e-18
8.115144633136138e-18
8.109422822354096e-18
8.103707077850656e-18
8.09799742019568e-18
8.092293884507538e-18
8.086596530549094e-18
8.080905462457767e-18
8.075220870878351e-18
8.069543133258352e-18
8.063873087259028e-18
8.058212894714077e-18
8.052568248995334e-18
8.046942019494191e-18
8.041323948379398e-18
8.035725120433889e-18
8.030139798009533e-18
8.024563376729339e-18
8.018994331355712e-18
8.013432039535922e-18
8.007876199795391e-18
8.002326646505957e-18
7.996783279379576e-18
7.991246032684658e-18
7.985714860385922e-18
7.980189728271634e-18
7.9746706096689e-18
7.969157482817119e-18
7.963650329322074e-18
7.958149133135699e-18
7.952653879899755e-18
7.947164556483915e-18
7.941681150708805e-18
7.936203651081619e-18
7.930732046687067e-18
7.925266326993293e-18
7.919806481854394e-18
7.914352501405877e-18
7.908904375992107e-18
7.903462096157956e-18
7.898025652607171e-18
7.89259503618571e-18
7.887170237851558e-18
7.881751248669009e-18
7.876338059787292e-18
7.870930662444063e-18
7.86552904794794e-18
7.860133207652919e-18
7.85474313300204e-18
7.849358815468495e-18
7.843980246594115e-18
7.83860741795231e-18
7.833240321176066e-18
7.82787894791937e-18
7.822523289900267e-18
7.817173338861582e-18
7.81182908658832e-18
7.806490524889474e-18
7.801157645621815e-18
7.795830440668731e-18
7.790508901959433e-18
7.78519302142216e-18
7.77988279105229e-18
7.774578202856588e-18
7.769279248874307e-18
7.763985921176626e-18
7.758698211881e-18
7.753416113091465e-18
7.74813961698773e-18
7.742868715751977e-18
7.737603401594044e-18
7.732343666763599e-18
7.727089503537708e-18
7.721840904210904e-18
7.71659786111677e-18
7.711360366612162e-18
7.706128413065438e-18
7.700901992925498e-18
7.695681098597606e-18
7.690465722575747e-18
7.685255857343653e-18
7.680051495426856e-18
7.674852629379054e-18
7.669659251787761e-18
7.664471355242886e-18
7.65928893238891e-18
7.654111975899879e-18
7.64894047844317e-18
7.643774432758928e-18
7.638613831579432e-18
7.633458667698592e-18
7.628308933908688e-18
7.623164623041208e-18
7.61802572795088e-18
7.612892241536476e-18
7.607764156714799e-18
7.602641466410676e-18
7.597524163613587e-18
7.59241224132457e-18
7.587305692570847e-18
7.582204510409334e-18
7.57710868793376e-18
7.572018218256844e-18
7.566933094512358e-18
7.561853309889965e-18
7.556778857580819e-18
7.551709730835175e-18
7.546645922877339e-18
7.541587427026212e-18
7.536534236589846e-18
7.531486344915631e-18
7.526443745390222e-18
7.521406431405705e-18
7.516374396398301e-18
7.511347633839824e-18
7.506326137220923e-18
7.501309900054513e-18
7.496298915912393e-18
7.491293178358227e-18
7.48629268100484e-18
7.481297417499935e-18
7.476307381513494e-18
7.471322566733504e-18
7.466342966889211e-18
7.461368575749475e-18
7.456399387094936e-18
7.451435394745154e-18
7.446476592534707e-18
7.441522974341353e-18
7.43657453407307e-18
7.431631265665094e-18
7.426693163061835e-18
7.421760220277356e-18
7.416832431303092e-18
7.411909790206727e-18
7.406992291053724e-18
7.402079927964725e-18
7.397172695046595e-18
7.392270586490154e-18
7.387373596452368e-18
7.382481719172325e-18
7.377594948890607e-18
7.372713279875562e-18
7.367836706422794e-18
7.362965222856813e-18
7.358098823545075e-18
7.353237502854444e-18
7.348381255196478e-18
7.343530074991537e-18
7.338683956719204e-18
7.333842894830533e-18
7.329006883863487e-18
7.324175918336496e-18
7.319349992800869e-18
7.314529101850068e-18
7.309713240074144e-18
7.304902402120418e-18
7.300096582619826e-18
7.295295776260069e-18
7.290499977726776e-18
7.285709181740444e-18
7.280923383040285e-18
7.276142576377862e-18
7.271366756532602e-18
7.266595918307056e-18
7.26183005651023e-18
7.257069165973422e-18
7.25231324155909e-18
7.247562278135193e-18
7.24281627057119e-18
7.238075213780915e-18
7.233339102683883e-18
7.228607932200384e-18
7.223881697280809e-18
7.219160392876448e-18
7.214444013969569e-18
7.209732555525643e-18
7.205026012545487e-18
7.200324380027466e-18
7.195627652974616e-18
7.190935826432362e-18
7.186248895393282e-18
7.181566854911346e-18
7.176889700019173e-18
7.172217425770105e-18
7.167550027199664e-18
7.162887499375555e-18
7.158229837324606e-18
7.153577036137085e-18
7.148929090851776e-18
7.14428599651691e-18
7.139647748204876e-18
7.135014340951924e-18
7.130385769822407e-18
7.125762029848858e-18
7.121143116087497e-18
7.116529023561213e-18
7.111919747299127e-18
7.107315282330127e-18
7.102715623660085e-18
7.098120766294171e-18
7.093530705229058e-18
7.088945435443005e-18
7.08436495189774e-18
7.079789249568328e-18
7.075218323382534e-18
7.070652168267965e-18
7.066090779150463e-18
7.061534150924096e-18
7.056982278454284e-18
7.052435156615755e-18
7.047892780252398e-18
7.043355144176163e-18
7.038822243204108e-18
7.034294072114126e-18
7.029770625678353e-18
7.025251898615405e-18
7.020737885655652e-18
7.016228581495087e-18
7.011723980798953e-18
7.007224078219128e-18
7.002728868369398e-18
6.998238345850956e-18
6.993752505241766e-18
6.989271341073173e-18
6.984794847865963e-18
6.980323020117894e-18
6.97585585228917e-18
6.971393338818075e-18
6.966935474106619e-18
6.962482252554935e-18
6.958033668498293e-18
6.95358971627421e-18
6.949150390175505e-18
6.944715684469561e-18
6.940285593394803e-18
6.93586011118186e-18
6.931439231997488e-18
6.927022950003242e-18
6.922611259331877e-18
6.918204154081875e-18
6.9138016283286505e-18
6.9094036761192686e-18
6.905010291476863e-18
6.9006214683814315e-18
6.8962372008063484e-18
6.891857482683748e-18
6.887482307943301e-18
6.8831116704576404e-18
6.878745564096337e-18
6.874383982703432e-18
6.870026920075657e-18
6.8656743700223605e-18
6.8613263262945936e-18
6.8569827826543334e-18
6.852643732815607e-18
6.848309170478753e-18
6.843979089324053e-18
6.839653483016171e-18
6.835332345195975e-18
6.83101566947485e-18
6.826703449452794e-18
6.822395678732036e-18
6.818092350880379e-18
6.8137934594311416e-18
6.809498997931531e-18
6.805208959911449e-18
6.800923338858558e-18
6.796642128273322e-18
6.792365321641058e-18
6.788092912429253e-18
6.783824894082793e-18
6.77956126006027e-18
6.775302003795519e-18
6.7710471187059045e-18
6.766796598208172e-18
6.762550435731428e-18
6.758308624651742e-18
6.754071158387977e-18
6.749838030318386e-18
6.745609233824598e-18
6.74138476229403e-18
6.737164609108473e-18
6.732948767629584e-18
6.728737231231405e-18
6.724529993285589e-18
6.7203270471590404e-18
6.716128386234151e-18
6.711934003849567e-18
6.7077438933974e-18
6.7035580482305035e-18
6.6993764617275325e-18
6.695199127264453e-18
6.691026038225068e-18
6.686857187978091e-18
6.682692569909621e-18
6.6785321774094605e-18
6.6743760038748646e-18
6.6702240427161955e-18
6.66607628731854e-18
6.661932731102375e-18
6.657793367491341e-18
6.653658189906944e-18
6.649527191796023e-18
6.645400366586356e-18
6.641277707748126e-18
6.637159208721876e-18
6.633044862998642e-18
6.628934664046551e-18
6.624828605345965e-18
6.620726680427831e-18
6.616628882784467e-18
6.61253520593351e-18
6.608445643435312e-18
6.604360188816026e-18
6.600278835638888e-18
6.596201577477702e-18
6.592128407901279e-18
6.58805932054531e-18
6.583994308979588e-18
6.5799333668459266e-18
6.575876487775003e-18
6.571823665419903e-18
6.567774893454944e-18
6.563730165535437e-18
6.559689475371679e-18
6.555652816671163e-18
6.551620183151184e-18
6.547591568542849e-18
6.543566966593202e-18
6.5395463710880596e-18
6.535529775800402e-18
6.531517174516741e-18
6.527508561066681e-18
6.523503929257312e-18
6.519503272945015e-18
6.515506585984892e-18
6.511513862248684e-18
6.507525095622678e-18
6.503540280013997e-18
6.499559409350947e-18
6.495582477563714e-18
6.491609478605826e-18
6.4876404064457985e-18
6.483675255072145e-18
6.479714018476541e-18
6.4757566906746075e-18
6.471803265709986e-18
6.467853737626343e-18
6.463908100489919e-18
6.459966348371764e-18
6.45602847537634e-18
6.452094475619772e-18
6.448164343225293e-18
6.444238072337814e-18
6.440315657109448e-18
6.436397091722277e-18
6.432482370374806e-18
6.4285714872731675e-18
6.424664436625587e-18
6.420761212694971e-18
6.416861809717087e-18
6.412966221969068e-18
6.4090744437386954e-18
6.405186469342458e-18
6.401302293067864e-18
6.3974219092707565e-18
6.393545312285515e-18
6.389672496496268e-18
6.3858034562623746e-18
6.3819381859876116e-18
6.378076680077246e-18
6.374218932966063e-18
6.370364939091283e-18
6.3665146928972265e-18
6.3626681888726935e-18
6.35882542148647e-18
6.354986385246194e-18
6.3511510746615815e-18
6.347319484281111e-18
6.343491608619322e-18
6.339667442265465e-18
6.3358469797684295e-18
6.3320302157274574e-18
6.3282171447515605e-18
6.324407761444032e-18
6.3206020604522014e-18
6.316800036395993e-18
6.313001683960601e-18
6.3092069978150255e-18
6.305415972636037e-18
6.3016286031233815e-18
6.297844884000305e-18
6.294064810002266e-18
6.290288375863873e-18
6.2865155763459474e-18
6.2827464062042305e-18
6.278980860241516e-18
6.2752189332418165e-18
6.271460620013348e-18
6.2677059153897024e-18
6.26395481419596e-18
6.2602073113005975e-18
6.2564634015398814e-18
6.252723079810552e-18
6.248986340993847e-18
6.245253179987932e-18
6.241523591718311e-18
6.237797571105105e-18
6.23407511306927e-18
6.230356212591855e-18
6.226640864627009e-18
6.222929064144928e-18
6.219220806149427e-18
6.215516085623741e-18
6.2118148975966354e-18
6.208117237087556e-18
6.204423099134879e-18
6.20073247878589e-18
6.1970453711012324e-18
6.1933617711794596e-18
6.1896816740713085e-18
6.1860050748919606e-18
6.182331968747433e-18
6.178662350759375e-18
6.17499621606228e-18
6.1713335597887844e-18
6.1676743771151255e-18
6.1640186631859315e-18
6.160366413191499e-18
6.1567176223276164e-18
6.1530722857794574e-18
6.149430398762214e-18
6.14579195651364e-18
6.142156954253347e-18
6.138525387216941e-18
6.134897250687778e-18
6.131272539907413e-18
6.127651250166171e-18
6.124033376748039e-18
6.120418914945647e-18
6.1168078600800005e-18
6.113200207464665e-18
6.109595952436241e-18
6.1059950903382245e-18
6.102397616506035e-18
6.09880352631394e-18
6.0952128151309526e-18
6.0916254783359635e-18
6.088041511330098e-18
6.084460909511423e-18
6.080883668282911e-18
6.077309783093853e-18
6.073739249361015e-18
6.070172062515659e-18
6.066608218035035e-18
6.063047711361032e-18
6.0594905379879474e-18
6.055936693365081e-18
6.052386173021238e-18
6.048838972441166e-18
6.0452950871349415e-18
6.041754512628665e-18
6.038217244450819e-18
6.034683278144723e-18
6.031152609247972e-18
6.027625233335257e-18
6.024101145967562e-18
6.020580342728457e-18
6.017062819193019e-18
6.013548570974427e-18
6.010037593668801e-18
6.006529882887604e-18
6.003025434265001e-18
5.999524243422708e-18
5.996026306007787e-18
5.992531617680436e-18
5.989040174092825e-18
5.985551970901798e-18
5.982067003805096e-18
5.978585268486368e-18
5.9751067606340045e-18
5.9716314759537854e-18
5.968159410164777e-18
5.9646905589810795e-18
5.961224918148596e-18
5.957762483383047e-18
5.9543032504498036e-18
5.9508472151062774e-18
5.947394373114189e-18
5.943944720237899e-18
5.940498252269045e-18
5.9370549650037246e-18
5.933614854222905e-18
5.930177915749386e-18
5.926744145399872e-18
5.9233135389854245e-18
5.919886092342918e-18
5.916461801331761e-18
5.913040661770745e-18
5.9096226695393976e-18
5.906207820484631e-18
5.902796110510839e-18
5.899387535448741e-18
5.895982091246227e-18
5.892579773756221e-18
5.88918057891151e-18
5.885784502601254e-18
5.882391540768742e-18
5.8790016893378794e-18
5.875614944237316e-18
5.8722313014186294e-18
5.8688507568443284e-18
5.8654733064527e-18
5.862098946231462e-18
5.8587276721470756e-18
5.855359480185343e-18
5.8519943663418606e-18
5.8486323266224895e-18
5.845273357012109e-18
5.84191745354491e-18
5.8385646122376384e-18
5.8352148291312634e-18
5.8318681002415944e-18
5.828524421624443e-18
5.825183789340679e-18
5.821846199429727e-18
5.8185116479828595e-18
5.8151801310549446e-18
5.811851644738907e-18
5.8085261851268835e-18
5.805203748312149e-18
5.8018843303947226e-18
5.79856792749207e-18
5.795254535718282e-18
5.791944151200143e-18
5.788636770079293e-18
5.7853323884939524e-18
5.782031002580947e-18
5.778732608505513e-18
5.7754372024162014e-18
5.772144780500334e-18
5.7688553389403855e-18
5.765568873890159e-18
5.762285381565779e-18
5.759004858145072e-18
5.755727299856475e-18
5.752452702889765e-18
5.749181063476926e-18
5.7459123778346934e-18
5.742646642200622e-18
5.739383852819963e-18
5.736124005917983e-18
5.732867097778121e-18
5.729613124634036e-18
5.726362082764303e-18
5.723113968440237e-18
5.719868777958425e-18
5.716626507570919e-18
5.713387153598131e-18
5.710150712335493e-18
5.7069171800854925e-18
5.7036865531664906e-18
5.700458827899874e-18
5.697234000618594e-18
5.6940120676432104e-18
5.690793025327013e-18
5.687576870007627e-18
5.684363598052526e-18
5.681153205808624e-18
5.677945689643977e-18
5.674741045938346e-18
5.671539271069746e-18
5.668340361423285e-18
5.665144313398038e-18
5.661951123386698e-18
5.658760787797879e-18
5.655573303043053e-18
5.652388665552025e-18
5.649206871722261e-18
5.646027918015646e-18
5.6428518008578806e-18
5.639678516690768e-18
5.636508061971346e-18
5.6333404331491445e-18
5.630175626694688e-18
5.627013639077747e-18
5.6238544667734464e-18
5.620698106256203e-18
5.617544554022935e-18
5.614393806559584e-18
5.611245860381173e-18
5.60810071198803e-18
5.604958357889051e-18
5.601818794603207e-18
5.598682018660944e-18
5.595548026599474e-18
5.592416814940652e-18
5.589288380245103e-18
5.586162719052369e-18
5.583039827917149e-18
5.579919703414012e-18
5.576802342099224e-18
5.573687740553238e-18
5.570575895348554e-18
5.567466803085826e-18
5.564360460339599e-18
5.561256863719245e-18
5.558156009825858e-18
5.555057895274618e-18
5.551962516666367e-18
5.548869870647367e-18
5.545779953819076e-18
5.542692762835078e-18
5.5396082943247835e-18
5.536526544940237e-18
5.53344751132601e-18
5.530371190147612e-18
5.527297578053634e-18
5.5242266717313594e-18
5.5211584678434354e-18
5.518092963058722e-18
5.5150301540992935e-18
5.511970037617333e-18
5.5089126103378925e-18
5.505857868947212e-18
5.502805810170654e-18
5.499756430706635e-18
5.496709727293161e-18
5.493665696625276e-18
5.490624335477839e-18
5.487585640547799e-18
